    unsorted:	 3.838036603e-09 -451.5577402 124143.9517 2081149.883 36638877.28 12982880.71 -70365.12680 137077.8389 -60228.24200 -2.710837618e-19 137077.8389 -862152.5888 -1638.989593 5823.475487 1542.125688 137077.8389 1542.125688 1542.125689 1542.125688 1542.125688 1542.125689 1542.125688 1542.125688 -21426.42025 136254.3115 799.3954040 137077.8389 19680.09287 16737.13212 48654.07651 -2014.006969 -2618.753804 -1266.752006 525.3944287 186941.8867 -89946.87087 137077.8389 164431.7103 84577.38024 394289.9823 702906.6636 1106347.671 566000.0134 1553924.856 28281.63198 192714.3173 3348720.061 8134121.163 986086.4800 3851007.499 137077.8419 425744291.2 484478079.6 327493257.3 330097013.7 299563008.2 271198536.8 209671667.3 140365747.1 62082270.03 122723666.7 91087919.23 159805340.8 181937087.4 136746389.5 148774285.2 137077.8453 44904842.33 137031.1780 1417149.844 1696421.630 1246086.878 966746.5748 867894.0053 1026926.273 140820.9802 137077.8389 137077.8392 153218.5886 283118.2215 2486587.623 -212748.9529 497311.5623 137336.4874 109353.0183 74048.45508 53196.06956 137077.8389 57955.29918 67954.35915 22273.62366 5448.103018 38319.54793 -7828.448850 -23642.22939 137077.8389 4.934790923e-07 4.934809112e-07 4.934772733e-07 4.934772733e-07 4.934845492e-07 4.934809112e-07 4.934845492e-07 4.934845492e-07 38560.57393 16586.31685 46678.55273 43531.79473 48488.65053 14052.61049 -95451.00690 18704.72840 -15175.51360 4276.487208 -28135.11420 -29753.10388 807840.9212 530185.8580 33925.12829 202876.3989 21003.52714 390282.1416 9003.518631 -693.5814220 2090.960599 -463.4776514 10918.46387 -34.75619875 -3202.353455 -384.9947545 -2477.258360 10219.15405 -302.5442071 2422.395776 17970.19618 608.8084972 12930.15107 -763.0793596 -1275.059019 -401.4642956
      sorted:	 -862152.5888 -212748.9529 -95451.00690 -89946.87087 -70365.12680 -60228.24200 -29753.10388 -28135.11420 -23642.22939 -21426.42025 -15175.51360 -7828.448850 -3202.353455 -2618.753804 -2477.258360 -2014.006969 -1638.989593 -1275.059019 -1266.752006 -763.0793596 -693.5814220 -463.4776514 -451.5577402 -401.4642956 -384.9947545 -302.5442071 -34.75619875 -2.710837618e-19 3.838036603e-09 4.934772733e-07 4.934772733e-07 4.934790923e-07 4.934809112e-07 4.934809112e-07 4.934845492e-07 4.934845492e-07 4.934845492e-07 525.3944287 608.8084972 799.3954040 1542.125688 1542.125688 1542.125688 1542.125688 1542.125688 1542.125688 1542.125689 1542.125689 2090.960599 2422.395776 4276.487208 5448.103018 5823.475487 9003.518631 10219.15405 10918.46387 12930.15107 14052.61049 16586.31685 16737.13212 17970.19618 18704.72840 19680.09287 21003.52714 22273.62366 28281.63198 33925.12829 38319.54793 38560.57393 43531.79473 46678.55273 48488.65053 48654.07651 53196.06956 57955.29918 67954.35915 74048.45508 84577.38024 109353.0183 124143.9517 136254.3115 137031.1780 137077.8389 137077.8389 137077.8389 137077.8389 137077.8389 137077.8389 137077.8389 137077.8389 137077.8392 137077.8419 137077.8453 137336.4874 140820.9802 153218.5886 164431.7103 186941.8867 192714.3173 202876.3989 283118.2215 390282.1416 394289.9823 497311.5623 530185.8580 566000.0134 702906.6636 807840.9212 867894.0053 966746.5748 986086.4800 1026926.273 1106347.671 1246086.878 1417149.844 1553924.856 1696421.630 2081149.883 2486587.623 3348720.061 3851007.499 8134121.163 12982880.71 36638877.28 44904842.33 62082270.03 91087919.23 122723666.7 136746389.5 140365747.1 148774285.2 159805340.8 181937087.4 209671667.3 271198536.8 299563008.2 327493257.3 330097013.7 425744291.2 484478079.6
